0.0000012520711529888786
0.000002663075888650932
0.000013054496062198838
0.00002562401269764105
0.00007160629205385429
0.00010194553300259754
0.0002133777999152651
0.0002989460005323231
0.00045384103992113256
0.0008090023642260093
0.001133426351300837
0.0015879499870833946
0.002372325830111622
0.002970320737373154
0.0036598126703448986
0.004509354364829457
0.004965412916115456
0.005924666068514651
0.006523863737505643
0.007910189537258295
0.00843491853708717
0.00885118452309609
0.00974635887937468
0.011082312811150229
0.011817467245793675
0.012203134799542045
0.01387584417924029
0.013437312361907426
0.014328687649799167
0.017096803621223018
0.014796309839849196
0.014328687649799174
0.017654764332462578
0.018526032721160667
0.014796309839849189
0.01629275103386381
0.016824471182045136
0.022105021133493344
0.024340636944243366
0.025541855331016244
0.016033226228626987
0.019754972505066415
0.019440298489537662
0.02637542352789143
0.0517709901756648
0.006118019806832265
0.03147081208719524
