0.0000063380050398337425
0.000011117959933290617
0.00002776608471390847
0.000044948961812434605
0.00010870817469626516
0.00014748868954358275
0.00028488674650250405
0.0003991312756313437
0.0005867860449803541
0.00102932447931231
0.0014654443019783024
0.0020204091680157024
0.002970320737373154
0.0039657593773822575
0.004582345869882045
0.005737423076697044
0.006419946083430608
0.007418103475479241
0.00830055997566461
0.00990412013427555
0.010905784300531653
0.011261698733414085
0.012601388761098495
0.01387584417924029
0.015279193058541304
0.01577783535536969
0.017940536466501542
0.0173735442201954
0.018526032721160657
0.022105021133493344
0.019754972505066394
0.019130636869547482
0.023571376089457446
0.025541855331016244
0.020729886853348933
0.023195911149493317
0.024340636944243356
0.03198022025378063
0.035214575271984655
0.03877604036950543
0.028125059177285795
0.035214575271984655
0.03877604036950543
0.05432590545758203
0.10161866864183212
0.04338883243807518
0.11189598531622451
